11 XeMay 54545 8 8 2 2 2025 8 8 1 1 2025
8 XeMay 15151 5 5 1 1 2025 5 5 1 1 2025
9 XeMay 1515 1 1 1 1 2025 5 5 1 1 2025
6 XeMay 1551 5 5 1 1 2025 7 7 1 1 2025
7 XeMay 15 1 1 1 1 2025 1 1 1 1 2025
3 XeMay 1 1 1 1 1 1 5 5 1 1 2025
2 XeMay 1115 1 1 1 1 2025 2 2 12 12 2025
1 XeMay 3243245 2 1 10 10 2025 6 6 10 10 2025
4 XeMay 3712548 5 5 1 1 2025 6 6 1 1 2025
5 XeMay 1515 5 5 1 1 2025 6 6 1 1 2025
10 Oto 2589 5 5 1 1 2025 8 8 1 1 2025
12 XeMay 15157 4 4 1 1 2025 8 8 1 1 2025
13 Oto 15151 8 8 1 1 2025 9 9 1 1 2025
14 XeMay 5454 8 8 1 1 2025 9 9 1 1 2025
